,0
0,4.22583163832061
1,4.425102011846242
2,4.640984204114861
3,4.857162853414664
4,5.218451562461487
5,5.432638927096107
6,5.724857488088229
7,5.948376779639365
8,6.187969791666422
9,6.376606997138865
10,6.594244257592277
11,6.769378982442662
12,7.176592859073339
13,7.601390256480837
14,7.941457124932311
15,8.54505968242912
16,8.97203097695443
17,9.347396704039292
18,9.997090213311376
19,10.57685038262624
20,11.194737296851502
21,11.774947829202265
22,12.488916806716215
23,13.294897039933646
24,14.161465343222154
25,15.27517038252208
26,15.445807253918339
27,15.743474452128712
28,16.671986333350493
29,17.676040775020216
30,18.090631621462254
31,18.856225456182614
32,20.058847153258096
33,20.766655656136514
34,21.034784678677813
35,21.77310436679646
36,22.968685148251186
37,23.1950648047084
38,24.694949562754182
39,25.23825819436923
40,27.21490982676725
41,28.59768496617006
42,29.150142296474712
43,31.494439103006812
44,31.991682289289564
45,34.01473336495022
46,34.77824917309908
47,35.502290501861395
48,37.1939562818977
49,38.65772569709751
50,40.046690312347884
51,41.79081976365982
52,43.0869644220537
53,45.23134705111911
54,47.962458122154246
55,48.76487691213468
56,50.46223445913401
57,52.75126045360314
58,55.100892587136094
59,55.71235036474894
60,55.82763218460383
61,55.9598410559119
62,56.23205800530029
63,56.34793081418618
64,56.616837432051774
65,56.81367430539677
66,57.06238458763037
67,57.23192181256213
68,57.388930863821024
69,57.52827428581453
70,57.83745697949208
71,58.00782177924633
72,58.233472951052185
73,58.44959017856807
74,58.674139591702094
75,58.95969450442599
76,59.13905871423439
77,59.280793823653156
78,59.33299841402479
79,59.43662192632954
80,59.55481348229506
81,59.85351625621736
82,60.01966083810455
83,60.1358585681433
84,60.39999663104306
85,60.548739933581814
86,60.768837167517916
87,60.93614174185603
88,61.17540126898715
89,61.32998022229272
90,61.571816894857484
91,61.70026626260131
92,61.89961872337803
93,62.17610441618368
94,62.32677055432148
95,62.64815860483111
96,62.759845995339916
97,62.99247823749067
98,62.989306678194744
99,63.19613172106785
100,63.52182866371181
101,63.66225279518056
102,63.808529245975
103,64.08864151846262
104,64.17262558509957
105,64.4250945885594
106,64.54597690143686
107,64.76624598300153
108,65.1056469111852
109,65.27503523406149
110,65.42575680682889
111,65.72836542497706
112,65.98739515948274
113,66.11587051362189
114,66.32544684818555
115,66.54808004931014
116,66.84445248448962
117,66.96950537496178
118,67.32397863516287
119,67.55784448338109
120,67.86388691722946
121,67.97287631032341
122,68.0884314851152
123,68.17111182151696
124,68.43936840699944
125,68.5507920455388
126,68.74520054573274
127,68.83912771045671
128,68.98096288103832
129,69.17356520931918
130,69.28865048591877
131,69.52176507253317
132,69.65421338604523
133,69.95134691762053
134,70.13510580920705
135,70.35650480829071
136,70.49495785206854
137,70.72207608260908
138,70.91268526366022
139,71.0336860341686
140,71.18829319681723
141,71.50939355566236
142,71.72412693541276
143,71.91642277758096
144,72.12059266027384
145,72.3062344296945
146,72.49439225995084
147,72.81096893715947
148,73.18452706532226
149,73.45854111498285
150,73.53589254740311
151,73.72326943261078
152,73.85799664897671
153,74.09178150220356
154,74.28963193860382
155,74.60951904824839
156,74.80606980206706
157,75.04950190437884
158,75.18421953874197
159,75.51085222105829
160,75.79178942896192
161,75.89518732267334
162,76.02433120567562
163,76.27726000829365
164,76.34955561669135
165,76.43301701377254
166,76.83426396655548
167,77.14580765289146
168,77.18591990155322
169,77.49401700304817
170,77.56278562145937
171,77.74757681758759
172,77.92178952613943
173,78.1202360806276
174,78.40328161494335
175,78.59380532866557
176,78.90659478275577
177,79.12153009374713
178,79.3758268161231
179,79.68766546936531
180,79.95197882897021
181,80.09179106624502
182,80.23588248795134
183,80.34428835503047
184,80.49022941276445
185,80.61922235875613
186,80.77364710633546
187,81.21090156611989
188,81.27938787641955
189,81.43259761169949
190,81.70387883251036
191,81.89398815199941
192,82.19160933366825
193,82.39043481059062
194,82.56385413422132
195,82.84000844501556
196,83.08824133624051
197,83.28834716219362
198,83.51171919183345
199,83.5428573529525
200,83.90776056430597
201,84.22720938843088
202,84.47743084956763
203,84.74348126675824
204,84.96522843798361
205,85.2604058656104
206,85.72097648322988
207,86.0939192507363
208,86.24488180599432
209,86.30876711759703
210,86.44066372481983
211,86.67189755090635
212,87.11441102843531
213,87.27121210698837
214,87.43839523617231
215,87.89707729285263
216,88.0204250877022
217,88.30716755794575
218,88.46261274033094
219,88.7997648377429
220,89.07473033530033
221,89.40688258862575
222,89.68405358305766
223,89.85600339681876
224,90.13366355738336
225,90.45468567930158
226,90.50593035880867
227,90.62832304065869
228,90.9931863306712
229,91.51386655180421
230,91.93093967554437
231,92.13930731581837
232,92.2712659815023
233,92.45150076579516
234,92.54614579631527
235,92.98819669322164
236,93.18298256730021
237,93.37561355889429
238,93.8238822821618
239,94.22059505568362
240,94.60467007954058
241,95.01360705460213
242,95.38619930741504
243,95.43313413346017
244,95.67035698689581
245,96.0069949947154
246,96.3647125375936
247,96.82173142244855
248,97.05059032446779
249,97.14209286721305
250,97.55784634785516
251,97.70581761418613
252,97.96827428692423
253,98.45223970990122
254,98.69280876729097
255,98.78929407125202
256,99.02395895743673
257,99.60362005279083
258,99.76879260873616
259,100.23484547297744
260,100.47380426383704
261,100.79273122042383
262,101.17296361596001
263,101.56193665347469
264,101.74646000368939
265,101.94483467075933
266,102.38311362699784
267,102.44956635763658
268,102.9653869085688
269,103.2683883697238
270,103.52460601450487
271,103.93045532401234
272,104.00163886421073
273,104.3106351647063
274,104.81346251680534
275,105.17991634690873
276,105.34577015294728
277,105.76930215616723
278,105.94837920393032
279,106.38548118007836
280,106.49462671127397
281,106.86233261224689
282,107.17299966942868
283,107.6479763428533
284,108.0683385528155
285,108.64103965597063
286,108.99102876036345
287,109.56537879401476
288,109.76369133509826
289,109.9630490624304
290,110.4242485485823
291,110.89424201429155
292,111.34325089697562
293,111.61363465316856
294,111.89705884979787
295,112.04005362567585
296,112.20769495774042
297,112.25083905026969
298,112.71358270470722
299,112.99597025452994
300,113.06584568394857
301,112.97943773442886
302,113.03342646185816
303,113.18926612214376
304,113.11347529383444
305,113.29717255064143
306,113.2952857686089
307,113.34944822468383
308,113.38070643950763
309,113.49317365066639
310,113.53535842298145
311,113.59319915135893
312,113.54427466842482
313,113.64308428923403
314,113.66757041088977
315,113.75532044605583
316,113.78450381180032
317,113.7730050090242
318,113.81063686593359
319,113.97416366981238
320,113.94422110169187
321,113.9785593251836
322,114.12006150888075
323,114.02606912880616
324,114.06812236353252
325,114.17738369608048
326,114.08227976881778
327,114.22911660642006
328,114.24071650960738
329,114.23270656042256
330,114.33798610002893
331,114.2817461025908
332,114.43824608541316
333,114.4388896827784
334,114.42465395525001
335,114.45671350532366
336,114.54068370054053
337,114.61601370346739
338,114.55487716028588
339,114.51294542418509
340,114.6178117307659
341,114.71580257570753
342,114.71609472710679
343,114.70353917053916
344,114.80292452233532
345,114.83506998489192
346,114.84036972134794
347,114.98265931629436
348,114.91815105223662
349,114.91595288535434
350,114.9998140456524
351,115.0602628241166
352,115.07778871561283
353,115.12618341188423
354,115.25636569294497
355,115.15567532157608
356,115.16440536448246
357,115.36550432518379
358,115.3130636480477
359,115.31816164627679
