,0,1
0,3.9,0.32583163832061
1,3.9596301900754916,0.46547182177075086
2,4.056199863434259,0.5847843406806019
3,4.161887109757517,0.695275743657147
4,4.433755717541649,0.7846958449198383
5,4.589779234745102,0.8428596923510056
6,4.788226133969844,0.9366313541183843
7,4.974164681527731,0.9742120981116342
8,5.128342474802041,1.0596273168643808
9,5.238568945993282,1.1380380511455825
10,5.421043054326756,1.1732012032655217
11,5.529977304769155,1.2394016776735064
12,5.894895103737856,1.2816977553354831
13,6.244002693168893,1.3573875633119434
14,6.5112130785328315,1.43024404639948
15,7.0768660154500465,1.4681936669790738
16,7.46074999152768,1.5112809854267502
17,7.770925304205445,1.5764713998338482
18,8.344068040560355,1.6530221727510206
19,8.917907088198534,1.6589432944277056
20,9.474432115059916,1.7203051817915864
21,10.004930820998899,1.7700170082033662
22,10.706542250409736,1.7823745563064795
23,11.461125950663861,1.8337710892697843
24,12.256859230014587,1.904606113207568
25,13.358347466947523,1.9168229155745584
26,13.520468959346813,1.9253382945715272
27,13.794295673265283,1.9491787788634294
28,14.691904966814475,1.980081366536018
29,15.647718069485892,2.0283227055343227
30,16.02628663750719,2.064344983955063
31,16.72156248634212,2.134662969840494
32,17.869173686792497,2.189673466465599
33,18.572013410476533,2.1946422456599812
34,18.798758248704427,2.2360264299733843
35,19.573756767567588,2.199347599228871
36,20.667721957722815,2.300963190528372
37,20.902128876287186,2.292935928421217
38,22.338004215088226,2.356945347665955
39,22.846308956417346,2.391949237951883
40,24.842336602019248,2.372573224748004
41,26.204895393612517,2.392789572557543
42,26.69248393769143,2.4576583587832803
43,29.03624986333314,2.4581892396736706
44,29.501875465335807,2.489806823953757
45,31.489521919933857,2.5252114450163616
46,32.23464785453719,2.5436013185618895
47,32.957379160820736,2.544911341040663
48,34.58638876834723,2.607567513550474
49,36.06411719965998,2.593608497437528
50,37.437719700426626,2.608970611921255
51,39.14189260255396,2.648927161105862
52,40.387714818142776,2.699249603910922
53,42.544657074325066,2.6866899767940446
54,45.29908548275472,2.663372639399527
55,46.066414466215946,2.6984624459187327
56,47.78092882060869,2.681305638525318
57,49.99687109773824,2.7543893558648924
58,52.3549723881318,2.7459201990042987
59,52.930862620873434,2.7814877438755077
60,53.00038070046804,2.827251484135789
61,53.13105797325902,2.828783082652884
62,53.370076808845084,2.8619811964552007
63,53.525745782423044,2.8221850317631354
64,53.71786001993777,2.8989774121140104
65,53.90319743905119,2.9104768663455842
66,54.160391863821786,2.901992723808586
67,54.30516858526306,2.926753227299065
68,54.4344635023059,2.954467361515121
69,54.575108071069415,2.9531662147451203
70,54.793321981101414,3.0441349983906703
71,54.92413693376126,3.0836848454850676
72,55.11690565376689,3.1165672972852922
73,55.3719905201214,3.0775996584466725
74,55.53624276368905,3.137896828013038
75,55.75901154412634,3.2006829602996523
76,55.949457666133505,3.189601048100883
77,56.036904461017784,3.2438893626353686
78,56.1560144951407,3.176983918884089
79,56.2148291774782,3.2217927488513425
80,56.340680450405124,3.214133031889939
81,56.619677209024424,3.233839047192939
82,56.762773655750145,3.2568871823544043
83,56.8359495858604,3.299908982282898
84,57.10100723552226,3.298989395520802
85,57.199226620188874,3.3495133133929422
86,57.44435328826519,3.3244838792527216
87,57.58260678997157,3.353534951884453
88,57.83678700500367,3.3386142639834775
89,57.9012271254152,3.428753096877521
90,58.12230669344649,3.4495102014109946
91,58.2628466054053,3.4374196571960125
92,58.42470898394449,3.4749097394335426
93,58.6455548222209,3.5305495939627782
94,58.76299256464737,3.563777989674107
95,59.03644665243286,3.6117119523982524
96,59.11568760322459,3.644158392115319
97,59.31388498005729,3.6785932574333837
98,59.388342122159145,3.600964556035601
99,59.56757847315377,3.628553247914075
100,59.83235087001254,3.6894777936992664
101,59.982192839233605,3.6800599559469527
102,60.09785917719983,3.7106700687751726
103,60.390027305163805,3.698614213298818
104,60.458717537035035,3.7139080480645252
105,60.720813240714804,3.704281347844593
106,60.83002575231893,3.7159511491179305
107,61.03561940094206,3.730626582059464
108,61.29616112737538,3.8094857838098206
109,61.500868218837894,3.7741670152235955
110,61.57697044170566,3.8487863651232272
111,61.860449244045654,3.8679161809313953
112,62.13705913809018,3.8503360213925655
113,62.28023363080441,3.8356368828174805
114,62.412371459659624,3.9130753885259275
115,62.65520698064784,3.8928730686623054
116,62.95246269814478,3.8919897863448383
117,63.05605826114736,3.9134471138144176
118,63.35295786033097,3.97102077483191
119,63.57463670472791,3.98320777865318
120,63.854710382704475,4.009176534524992
121,63.92285246913305,4.050023841190368
122,64.03911297598307,4.049318509132126
123,64.13388788390733,4.03722393760963
124,64.37360974319564,4.065758663803789
125,64.5130952254202,4.03769682011859
126,64.71128397273851,4.0339165729942295
127,64.8033625445411,4.035765165915602
128,64.89363432398366,4.087328557054656
129,65.01227936561153,4.16128584370764
130,65.16463351310026,4.124016972818512
131,65.33440459761118,4.187360474921992
132,65.42382395831387,4.23038942773135
133,65.72564494451483,4.225701973105705
134,65.91573170894789,4.2193741002591585
135,66.08868780883486,4.267816999455851
136,66.20402782572467,4.290930026343869
137,66.43310254718304,4.288973535426034
138,66.58385104328708,4.328834220373133
139,66.71967296091161,4.314013073256983
140,66.88946918299321,4.298824013824015
141,67.21032464429119,4.299068911371164
142,67.36053886188465,4.363588073528108
143,67.57516215871398,4.341260618866985
144,67.68009568698297,4.440496973290877
145,67.88028435363226,4.4259500760622315
146,68.09928674568899,4.395105514261857
147,68.40141140747362,4.409557529685855
148,68.65924676602148,4.52528029930077
149,68.96829543837339,4.490245676609457
150,69.04397125078884,4.491921296614266
151,69.17110802992481,4.552161402685962
152,69.3493703315865,4.508626317390205
153,69.53869744841714,4.553084053786421
154,69.71020689839663,4.579425040207179
155,70.05045406121573,4.55906498703265
156,70.18590504508255,4.620164756984504
157,70.40665173800015,4.642850166378691
158,70.51317561114739,4.671043927594575
159,70.85246715421775,4.658385066840534
160,71.11893615729241,4.672853271669514
161,71.25455009020928,4.640637232464058
162,71.40184387496355,4.622487330712072
163,71.64098153951785,4.636278468775805
164,71.7321530115733,4.617402605118047
165,71.81921494239377,4.613802071378773
166,72.10310282925751,4.73116113729797
167,72.4198521208196,4.725955532071861
168,72.54463269933332,4.641287202219902
169,72.7928910535264,4.701125949521773
170,72.9484353031452,4.614350318314168
171,73.12617397035547,4.621402847232125
172,73.25500000316825,4.666789522971185
173,73.41215213329234,4.708083947335266
174,73.71830241171558,4.68497920322777
175,73.8234373959832,4.770367932682361
176,74.13409925243828,4.772495530317504
177,74.29536317476988,4.826166918977255
178,74.62669946054046,4.749127355582627
179,74.83130162917924,4.856363840186075
180,75.10362964946762,4.848349179502587
181,75.19891131552534,4.892879750719685
182,75.36447386907736,4.871408618873983
183,75.47646120983983,4.86782714519064
184,75.56817014592876,4.922059266835693
185,75.71343181235085,4.905790546405285
186,75.88630814151723,4.887338964818227
187,76.23570997290506,4.975191593214828
188,76.37288870572507,4.906499170694472
189,76.54448878091941,4.888108830780085
190,76.75973201308486,4.944146819425492
191,76.92271376410194,4.971274387897461
192,77.23945061243421,4.952158721234045
193,77.43975992415926,4.950674886431359
194,77.58714674349069,4.976707390730617
195,77.87128013912103,4.968728305894525
196,78.11156543120816,4.9766759050323515
197,78.27221312771165,5.016134034481972
198,78.41923536824864,5.092483823584809
199,78.50534848138557,5.0375088715669305
200,78.78321571580068,5.124544848505294
201,79.09064973649559,5.1365596519352845
202,79.3528398566756,5.124590992892019
203,79.5856265564542,5.157854710304032
204,79.77240135570985,5.192827082273772
205,80.14851158794198,5.111894277668416
206,80.47647316472406,5.244503318505825
207,80.81590237061673,5.278016880119585
208,80.95565972310095,5.28922208289337
209,81.1082496554812,5.200517462115831
210,81.2107581423496,5.229905582470224
211,81.45906210555424,5.212835445352115
212,81.83945567169974,5.274955356735568
213,82.03485447830937,5.236357628679004
214,82.17484053510063,5.263554701071684
215,82.57828270415105,5.318794588701576
216,82.73257435232847,5.2878507353737225
217,82.92868380210514,5.378483755840598
218,83.0940454553549,5.368567284976031
219,83.44201295850239,5.357751879240504
220,83.69047671918152,5.38425361611881
221,84.04478681794335,5.362095770682398
222,84.30373768282816,5.380315900229502
223,84.48991539829822,5.366087998520536
224,84.60366178331432,5.5300017740690315
225,84.91727999545125,5.537405683850317
226,85.03530032077123,5.470630038037437
227,85.1889960714679,5.439326969190782
228,85.56784870845603,5.425337622215169
229,85.9592920865009,5.554574465303316
230,86.35158267058519,5.579357004959184
231,86.63661183214892,5.502695483669453
232,86.74263712060333,5.5286288608989596
233,86.84669556073676,5.604805205058403
234,87.0143076509891,5.531838145326177
235,87.38690171013846,5.601294983083173
236,87.59718067802814,5.585801889272074
237,87.81331130829697,5.562302250597314
238,88.19210344060491,5.631778841556889
239,88.60688691404698,5.613708141636639
240,89.02972058971649,5.574949489824087
241,89.3482109413289,5.665396113273226
242,89.69555686970361,5.690642437711432
243,89.79588800885959,5.637246124600574
244,89.95855798997388,5.7117989969219245
245,90.34701730532174,5.659977689393653
246,90.68585409931546,5.678858438278137
247,91.02889517063272,5.792836251815824
248,91.34258235939248,5.70800796507531
249,91.45679185105138,5.685301016161679
250,91.85059530053665,5.707251047318502
251,91.98348434509069,5.722333269095442
252,92.20015979135728,5.768114495566943
253,92.6267779435087,5.825461766392523
254,92.8393103119719,5.853498455319074
255,93.0195113642403,5.769782707011719
256,93.28290028892022,5.741058668516516
257,93.72922512565297,5.874394927137851
258,93.88818260388742,5.880610004848749
259,94.31179397910394,5.923051493873508
260,94.65394391547369,5.819860348363348
261,94.93106474617392,5.861666474249913
262,95.21608594229444,5.956877673665581
263,95.64201594752194,5.919920705952745
264,95.89887153602912,5.847588467660278
265,96.06142706659904,5.8834076041603005
266,96.42981266066505,5.953300966332785
267,96.56799570000841,5.8815706576281785
268,97.03336783444728,5.932019074121533
269,97.34067918195703,5.927709187766764
270,97.57464826403852,5.949957750466358
271,97.9052654247075,6.025189899304845
272,98.0457872524974,5.9558516117133316
273,98.31488464954762,5.99575051515868
274,98.72695121207218,6.086511304733161
275,99.04197524271147,6.13794110419726
276,99.2387714773653,6.106998675581971
277,99.60148125617498,6.167820899992246
278,99.88550616651567,6.062873037414643
279,100.23508747874259,6.150393701335768
280,100.39290237957566,6.10172433169831
281,100.81371094256937,6.0486216696775195
282,101.15133645945028,6.021663209978401
283,101.56076115081193,6.087215192041365
284,101.93212186575215,6.13621668706336
285,102.423307005459,6.217732650511636
286,102.91334803773474,6.0776807226287115
287,103.41531915036087,6.15005964365389
288,103.5321510966834,6.2315402384148575
289,103.77195679712426,6.191092265306133
290,104.26336443055233,6.1608841180299665
291,104.66953944596361,6.224702568327946
292,105.12490033259444,6.218350564381183
293,105.28774346250192,6.325891190666644
294,105.64960916411154,6.247449685686329
295,105.76193674986128,6.2781168758145744
296,105.90739281770085,6.30030214003956
297,106.01966475989694,6.231174290372752
298,106.47018401658266,6.243398688124551
299,106.6434760651009,6.352494189429044
300,106.69393694169625,6.371908742252313
301,106.71932400034157,6.260113734087279
302,106.75479112317124,6.278635338686915
303,106.78483121919137,6.404434902952383
304,106.83021571628737,6.283259577547068
305,106.86522210015492,6.431950450486508
306,106.87631998392547,6.418965784683442
307,106.90284000853391,6.446608216149907
308,106.95429385849765,6.426412581009985
309,106.99784941866126,6.495324232005136
310,107.04707305713661,6.4882853658448285
311,107.0904888307272,6.502710320631738
312,107.12069696571379,6.423577702711033
313,107.16175473849931,6.481329550734708
314,107.18109002985076,6.486480381038994
315,107.22026120994217,6.535059236113671
316,107.25807975530788,6.526424056492451
317,107.31147517629714,6.461529832727063
318,107.36083319506588,6.4498036708677144
319,107.39420488555346,6.5799587842589276
320,107.4220965061699,6.5221245955219675
321,107.4657327047588,6.512826620424788
322,107.4957605286126,6.62430098026814
323,107.50853219394067,6.517536934865487
324,107.53241684788605,6.535705515646474
325,107.54618270080393,6.631200995276558
326,107.5664510126179,6.5158287561998804
327,107.59688121555124,6.632235390868828
328,107.63932760288714,6.6013889067202385
329,107.68483071236108,6.547875848061475
330,107.73222194918357,6.6057641508453635
331,107.76405185909829,6.517694243492521
332,107.78277668208511,6.655469403328045
333,107.81168936648773,6.627200316290663
334,107.84959204428657,6.575061910963448
335,107.88494746484585,6.571766040477808
336,107.90448293807714,6.636200762463395
337,107.93262075890672,6.683392944560664
338,107.95554225297754,6.599334907308343
339,107.98414896619059,6.528796457994496
340,108.01174713137759,6.606064599388304
341,108.05405161781094,6.66175095789658
342,108.06995560268341,6.646139124423383
343,108.11348125503825,6.590057915500904
344,108.12658026268213,6.676344259653197
345,108.15524740665832,6.679822578233599
346,108.17693320997903,6.663436511368919
347,108.21169779866904,6.7709615176253175
348,108.23733773748718,6.680813314749446
349,108.28409512360534,6.631857761749
350,108.30446165167004,6.695352393982361
351,108.35016690221197,6.710095921904634
352,108.40413978500438,6.673648930608457
353,108.43168476519888,6.6944986466853456
354,108.45161095500428,6.804754737940683
355,108.47682356322605,6.678851758350039
356,108.49311272207608,6.671292642406387
357,108.52767830602288,6.837826019160915
358,108.5596858485125,6.753377799535203
359,108.60938278237295,6.7087788639038415
