,0,1
0,0.0,162.915819160305
1,0.0,232.73591088537543
2,0.0,292.39217034030094
3,500.0,347.63787182857345
4,1000.0,392.3479224599192
5,1500.0,421.42984617550275
6,2000.0,468.3156770591921
7,2500.0,487.1060490558171
8,3000.0,529.8136584321904
9,3500.0,569.0190255727913
10,3500.0,586.6006016327608
11,3500.0,619.7008388367532
12,3500.0,640.8488776677416
13,3500.0,678.6937816559717
14,3500.0,715.12202319974
15,4000.0,734.096833489537
16,4500.0,755.640492713375
17,5000.0,788.2356999169241
18,5500.0,826.5110863755103
19,6000.0,829.4716472138527
20,6500.0,860.1525908957932
21,6500.0,885.0085041016831
22,6500.0,891.1872781532397
23,6500.0,916.8855446348921
24,6500.0,952.303056603784
25,6500.0,958.4114577872792
26,6500.0,962.6691472857635
27,6500.0,974.5893894317147
28,7000.0,990.0406832680089
29,7500.0,1014.1613527671612
30,8000.0,1032.1724919775315
31,8500.0,1067.331484920247
32,8500.0,1094.8367332327996
33,8500.0,1097.3211228299906
34,8500.0,1118.0132149866922
35,8500.0,1099.6737996144354
36,8500.0,1150.481595264186
37,8500.0,1146.4679642106087
38,8500.0,1178.4726738329775
39,8500.0,1195.9746189759414
40,9000.0,1186.2866123740018
41,9500.0,1196.3947862787716
42,10000.0,1228.82917939164
43,10500.0,1229.0946198368354
44,10500.0,1244.9034119768785
45,10500.0,1262.6057225081809
46,10500.0,1271.8006592809447
47,10500.0,1272.4556705203315
48,10500.0,1303.783756775237
49,10500.0,1296.804248718764
50,10500.0,1304.4853059606273
51,10500.0,1324.463580552931
52,10800.0,1349.624801955461
53,10800.0,1343.3449883970222
54,10850.0,1331.6863196997635
55,10850.0,1349.2312229593663
56,10850.0,1340.652819262659
57,10850.0,1377.1946779324462
58,10850.0,1372.9600995021494
59,10850.0,1390.7438719377537
60,10850.0,1413.6257420678946
61,10850.0,1414.391541326442
62,10850.0,1430.9905982276002
63,10850.0,1411.0925158815676
64,11150.0,1449.4887060570052
65,11200.0,1455.2384331727922
66,11200.0,1450.9963619042928
67,11250.0,1463.3766136495326
68,11250.0,1477.2336807575605
69,11250.0,1476.58310737256
70,11250.0,1522.0674991953351
71,11250.0,1541.8424227425337
72,11250.0,1558.283648642646
73,11250.0,1538.7998292233362
74,11250.0,1568.948414006519
75,11250.0,1600.341480149826
76,11400.0,1594.8005240504415
77,11450.0,1621.9446813176844
78,11450.0,1588.4919594420446
79,11500.0,1610.8963744256712
80,11541.327333899972,1607.0665159449695
81,11578.247814872617,1616.9195235964694
82,11629.912713311896,1628.443591177202
83,11663.768772449286,1649.954491141449
84,11694.141371833444,1649.494697760401
85,11746.642306918226,1674.756656696471
86,11764.8748152429,1662.2419396263608
87,11804.982391099476,1676.7674759422264
88,11854.63923162402,1669.3071319917387
89,11911.224315924323,1714.3765484387604
90,11939.748096897789,1724.7551007054972
91,11982.277679963301,1718.7098285980062
92,11997.220520569019,1737.4548697167713
93,12041.276677143314,1765.274796981389
94,12080.207663126612,1781.8889948370536
95,12140.557088087517,1805.8559761991262
96,12169.880865924859,1822.0791960576594
97,12197.955441901591,1839.2966287166919
98,12223.47593666703,1800.4822780178004
99,12280.453615399489,1814.2766239570376
100,12329.865311123323,1844.7388968496332
101,12350.388768315435,1840.0299779734762
102,12379.473652558116,1855.3350343875863
103,12409.360229914073,1849.3071066494088
104,12426.488374072322,1856.9540240322626
105,12472.236005975494,1852.1406739222964
106,12496.915828995472,1857.9755745589653
107,12529.028301297089,1865.313291029732
108,12576.478272420622,1904.7428919049103
109,12591.26647705923,1887.0835076117978
110,12654.102631590054,1924.3931825616137
111,12702.18898286293,1933.9580904656975
112,12751.241387862714,1925.1680106962826
113,12776.948173846098,1917.8184414087402
114,12806.773653562186,1956.5376942629637
115,12851.199310040323,1946.4365343311526
116,12885.865137990117,1945.994893172419
117,12908.72398024141,1956.7235569072088
118,12952.767514623998,1985.510387415955
119,12968.010077647461,1991.60388932659
120,13005.753503474169,2004.588267262496
121,13068.690507538244,2025.0119205951842
122,13093.622651968042,2024.659254566063
123,13139.728283448143,2018.6119688048148
124,13200.249257140456,2032.8793319018941
125,13229.769959619929,2018.848410059295
126,13263.785282227902,2016.9582864971146
127,13285.678974052455,2017.8825829578009
128,13333.140747483303,2043.664278527328
129,13360.705719866446,2080.64292185382
130,13384.867920087576,2062.008486409256
131,13423.457173896799,2093.680237460996
132,13474.946710056794,2115.1947138656747
133,13525.358562219262,2112.8509865528526
134,13569.435139661282,2109.6870501295793
135,13599.993512681309,2133.9084997279256
136,13662.75669145097,2145.4650131719345
137,13726.286589655876,2144.486767713017
138,13750.261195148076,2164.4171101865663
139,13776.662928364425,2157.006536628491
140,13805.581321664606,2149.412006912007
141,13850.589719411118,2149.534455685582
142,13917.47990060091,2181.794036764054
143,13972.170700000086,2170.6303094334926
144,14005.411914281089,2220.2484866454383
145,14054.728075922201,2212.9750380311157
146,14070.369409276698,2197.5527571309285
147,14091.938425160282,2204.778764842927
148,14132.024892698355,2262.640149650385
149,14201.986263207715,2245.1228383047287
150,14228.499842932988,2245.960648307133
151,14246.181420125444,2276.080701342981
152,14304.01769007093,2254.3131586951026
153,14356.195273761936,2276.5420268932103
154,14385.82377655088,2289.7125201035897
155,14439.057162105188,2279.532493516325
156,14499.394866823654,2310.0823784922522
157,14566.874870305326,2321.4250831893455
158,14617.133994514003,2335.5219637972878
159,14653.800268686622,2329.192533420267
160,14686.62378555546,2336.4266358347572
161,14719.877172427827,2320.318616232029
162,14775.24811781522,2311.243665356036
163,14797.001942456754,2318.1392343879024
164,14858.197343279779,2308.701302559023
165,14899.397977049133,2306.9010356893864
166,14917.370234511282,2365.580568648985
167,14942.054081807322,2362.9777660359305
168,14991.350211932075,2320.6436011099513
169,15006.770610421694,2350.562974760887
170,15024.607731884958,2307.1751591570837
171,15097.337878221633,2310.7014236160626
172,15172.689184080431,2333.3947614855924
173,15247.435888089238,2354.0419736676326
174,15278.022532914423,2342.489601613885
175,15299.25207599135,2385.1839663411806
176,15325.944680149187,2386.247765158752
177,15373.37584749839,2413.0834594886273
178,15392.237674101849,2374.5636777913132
179,15446.731039659999,2428.1819200930377
180,15475.213680319857,2424.1745897512933
181,15513.692579869228,2446.4398753598425
182,15559.166852257487,2435.7043094369915
183,15614.940707546852,2433.91357259532
184,15667.183791060812,2461.0296334178465
185,15694.41401273386,2452.8952732026423
186,15746.516700624989,2443.6694824091132
187,15776.00047249951,2487.595796607414
188,15796.53705272869,2453.249585347236
189,15813.0829641441,2444.0544153900423
190,15865.523505412588,2472.073409712746
191,15908.808936803516,2485.6371939487303
192,15964.149200789205,2476.0793606170223
193,16034.32728591686,2475.3374432156793
194,16057.02816095494,2488.3536953653083
195,16113.177270995986,2484.3641529472625
196,16164.651457422204,2488.337952516176
197,16204.156431399,2508.067017240986
198,16240.940698071625,2546.2419117924046
199,16314.480235147814,2518.7544357834654
200,16332.661196253719,2562.272424252647
201,16384.004241164304,2568.2798259676424
202,16459.533946842355,2562.2954964460096
203,16488.983183074793,2578.927355152016
204,16544.280215618386,2596.413541136886
205,16576.500086924163,2555.9471388342076
206,16651.929175662295,2622.2516592529128
207,16688.193010804614,2639.0084400597925
208,16708.192582123254,2644.611041446685
209,16773.158377149844,2600.2587310579156
210,16827.648428489014,2614.952791235112
211,16869.85222388617,2606.4177226760576
212,16926.934352369062,2637.477678367784
213,16973.207792562836,2618.178814339502
214,17047.53833030022,2631.7773505358423
215,17126.83281587738,2659.397294350788
216,17187.606595223424,2643.925367686861
217,17257.716039572588,2689.241877920299
218,17275.97148692871,2684.283642488015
219,17347.978983629102,2678.8759396202518
220,17400.700266535765,2692.126808059405
221,17472.741623433092,2681.0478853411987
222,17540.754159897337,2690.1579501147507
223,17578.08391032588,2683.043999260268
224,17642.337506083448,2765.0008870345155
225,17721.090060787326,2768.7028419251587
226,17745.766121076158,2735.3150190187184
227,17799.45648495401,2719.663484595391
228,17818.50380103271,2712.6688111075846
229,17875.67207200233,2777.287232651658
230,17929.630409927,2789.6785024795918
231,18000.893412829737,2751.3477418347265
232,18026.522380696602,2764.31443044948
233,18064.39562898241,2802.4026025292014
234,18100.565637582302,2765.9190726630886
235,18150.96684510774,2800.6474915415865
236,18205.650274150346,2792.900944636037
237,18247.1395375993,2781.151125298657
238,18318.33511703091,2815.889420778444
239,18405.922513988928,2806.8540708183195
240,18425.150059324995,2787.4747449120437
241,18456.289171749813,2832.698056636613
242,18478.092098661982,2845.321218855716
243,18507.269164688747,2818.6230623002866
244,18561.162202049767,2855.899498460962
245,18598.0855479227,2829.988844696826
246,18676.10338241199,2839.4292191390687
247,18700.42077996354,2896.418125907912
248,18783.57241099915,2854.003982537655
249,18863.008763623446,2842.6505080808392
250,18894.990765663497,2853.625523659251
251,18921.2731841521,2861.166634547721
252,18959.043031811496,2884.057247783471
253,19047.091741451197,2912.730883196262
254,19109.46222382627,2926.749227659537
255,19168.3690516234,2884.891353505859
256,19221.24685145961,2870.5293342582577
257,19247.964548711334,2937.1974635689253
258,19290.723845260174,2940.3050024243744
259,19315.982652262104,2961.5257469367543
260,19403.553221164555,2909.930174181674
261,19444.792527665744,2930.833237124956
262,19537.404549799605,2978.4388368327905
263,19586.882020290657,2959.9603529763726
264,19667.637125759218,2923.7942338301386
265,19756.343488134113,2941.70380208015
266,19797.819096448966,2976.6504831663924
267,19824.26108890748,2940.785328814089
268,19846.701826958935,2966.0095370607664
269,19917.932748929394,2963.8545938833818
270,19964.93893715726,2974.9788752331788
271,20002.764898015696,3012.594949652422
272,20026.405050045356,2977.9258058566656
273,20100.13529409735,2997.87525757934
274,20189.265220719753,3043.2556523665803
275,20219.119920625693,3068.97055209863
276,20261.05049227724,3053.4993377909855
277,20340.084691694068,3083.9104499961227
278,20398.37245079612,3031.4365187073213
279,20446.638363275695,3075.196850667884
280,20456.056161352844,3050.8621658491547
281,20461.901924768725,3024.3108348387595
282,20465.81976867678,3010.8316049892005
283,20471.0271493848,3043.607596020682
284,20480.790695569773,3068.10834353168
285,20487.43181796818,3108.866325255818
286,20489.86516710835,3038.8403613143555
287,20495.804031669115,3075.029821826945
288,20497.95225637542,3115.7701192074287
289,20508.165689198257,3095.5461326530663
290,20517.20603740494,3080.442059014983
291,20519.341481831387,3112.351284163973
292,20524.630127751145,3109.175282190591
293,20528.37901086283,3162.9455953333218
294,20531.845250715356,3123.7248428431644
295,20536.157340123285,3139.058437907287
296,20544.777753991373,3150.15107001978
297,20551.262609261546,3115.587145186376
298,20559.3156655517,3121.6993440622755
299,20565.644590006763,3176.247094714522
300,20570.65706858459,3185.9543711261567
301,20580.49762638556,3130.056867043639
302,20589.601040494443,3139.3176693434575
303,20598.561982410814,3202.2174514761914
304,20607.08803595088,3141.629788773534
305,20612.02857044952,3215.975225243254
306,20614.968716015774,3209.482892341721
307,20625.238496571663,3223.3041080749535
308,20628.32682747476,3213.2062905049925
309,20635.08584433271,3247.662116002568
310,20643.27307572909,3244.142682922414
311,20649.355310599392,3251.355160315869
312,20657.63797720267,3211.7888513555167
313,20661.418565027743,3240.664775367354
314,20663.53825102246,3243.240190519497
315,20669.419758643715,3267.5296180568357
316,20675.674665687806,3263.2120282462256
317,20677.953469493077,3230.7649163635315
318,20686.56996944242,3224.9018354338573
319,20689.19132867046,3289.9793921294636
320,20697.92363088636,3261.0622977609837
321,20707.85985666562,3256.413310212394
322,20711.969402211926,3312.15049013407
323,20716.721905633116,3258.7684674327434
324,20722.863315699567,3267.852757823237
325,20727.753983811363,3315.6004976382787
326,20731.673111804834,3257.91437809994
327,20735.46799267253,3316.1176954344137
328,20738.85916779401,3300.694453360119
329,20742.34709836998,3273.937924030737
330,20747.93251961837,3302.8820754226817
331,20752.378814909993,3258.84712174626
332,20759.71912833717,3327.7347016640224
333,20769.236442605586,3313.6001581453315
334,20771.748742043063,3287.5309554817236
335,20774.503118533845,3285.883020238904
336,20777.8207369515,3318.1003812316976
337,20788.172268794187,3341.696472280332
338,20791.853599783808,3299.6674536541714
339,20794.72388635455,3264.398228997248
340,20802.23525072561,3303.0322996941522
341,20806.956847263653,3330.87547894829
342,20811.750285750957,3323.069562211692
343,20816.69204840489,3295.0289577504523
344,20825.067304046945,3338.1721298265984
345,20834.02605319753,3339.9112891167997
346,20839.72857726397,3331.718255684459
347,20847.99280603456,3385.4807588126587
348,20853.037105386717,3340.4066573747227
349,20857.644715872877,3315.9288808745
350,20860.700719234836,3347.6761969911804
351,20870.40335001273,3355.047960952317
352,20872.62876908849,3336.8244653042284
353,20874.91184672766,3347.2493233426726
354,20879.096247812136,3402.377368970341
355,20889.28314903654,3339.4258791750194
356,20892.30138937335,3335.6463212031936
357,20899.71301039003,3418.9130095804576
358,20909.033196541135,3376.6888997676015
359,20912.740051482127,3354.389431951921
