,0,1
0,0.0,206.8877776780264
1,0.0,295.6542091894029
2,0.0,374.80191631910924
3,920.0118579557395,441.69570418456095
4,1862.7980338744655,500.42124397493507
5,2759.6484099389636,541.7679507985981
6,3714.767766707537,593.5851609864781
7,4597.310075751958,630.3055092850092
8,5558.429918036444,681.2222939788555
9,6511.770422086299,722.4470082156057
10,6532.929898506297,748.5581736507455
11,6588.782514940497,786.7583737963885
12,6457.181935808729,830.1253568637135
13,6450.992028195203,875.4298243590848
14,6549.152743711395,911.9795538863286
15,7454.474114105503,944.5613776754776
16,8318.892052199084,979.691684049526
17,9188.926042282488,1008.5401098385483
18,10270.090146610868,1048.3678147840453
19,11074.16033494056,1071.7819118022408
20,12011.179070324035,1097.5443515428449
21,11984.655858871552,1134.2157843397556
22,12070.194635429423,1152.4878429850048
23,12036.495750511707,1179.8266783688994
24,12087.221015383775,1205.9976908893445
25,12065.887094464528,1228.3402703729214
26,12060.75395014905,1240.4332608708435
27,12007.759562806938,1255.098810063583
28,13138.49354448072,1285.5752423346157
29,13890.588124684731,1304.3753850579762
30,13699.022411570253,1326.9742313287816
31,14538.964964342866,1360.8312208395312
32,14643.704969764285,1387.3985096664273
33,14646.704082576694,1406.6294310714372
34,14617.316400114089,1415.936395420316
35,14666.757757240672,1427.6056205436453
36,14600.571695379258,1463.5866342092065
37,14560.963769071486,1480.6830086727448
38,14674.765703369316,1511.7289189283654
39,14671.661973623155,1516.7400074667546
40,15409.794878825729,1520.869502634609
41,16266.780485045309,1545.3925028897957
42,17197.743610101348,1557.4240172700463
43,17995.447640952312,1575.3734641511371
44,18062.36142766114,1592.0142931234975
45,17973.9260332885,1611.160944657482
46,18100.771389397833,1625.4408811328883
47,18043.625866950337,1634.113851014695
48,17955.848214271824,1652.2911565659556
49,17969.359245363605,1665.5849342417744
50,18120.60384814467,1680.6750633803863
51,18018.205829209306,1700.9712087666433
52,18520.73796564595,1717.800508961558
53,18547.97819350505,1730.7242433173478
54,18575.554429336058,1728.0364898086234
55,18673.00321521894,1723.2064416199353
56,18655.018526714182,1737.9699478240532
57,18656.685125457934,1757.8185133642
58,18757.071580319098,1780.833826924657
59,18566.377725349274,1789.9091526596455
60,18730.51876601307,1793.8270723694543
61,18600.832977600065,1806.9102563975546
62,18607.02444776725,1820.741359748578
63,18722.240556878794,1829.901168994732
64,19286.87396013662,1840.0504845752964
65,19207.637839275936,1864.021009625247
66,19275.217239793066,1861.103827694054
67,19360.65467270163,1888.9700786296096
68,19341.464738678802,1904.854908443743
69,19289.203312091377,1914.2053003614653
70,19323.10492230403,1940.6503739401062
71,19343.23338551437,1963.3095360473178
72,19370.67549339028,1983.5584826907057
73,19380.96424361574,1995.078466649393
74,19259.1504210203,2009.804546296559
75,19403.539703667433,2028.633802613251
76,19667.222458498123,2045.477934366435
77,19683.851889212947,2060.1852740380814
78,19808.146148613167,2054.4731343728645
79,19769.012542358592,2067.528639384393
80,19716.878822870636,2079.083111995906
81,19884.792699832164,2083.968011432198
82,19705.82238644041,2088.843523882837
83,19764.782627951474,2097.247290186874
84,19719.928423803456,2122.9521723123958
85,19784.196796971195,2138.147720732989
86,19745.677681339428,2144.748865880966
87,19775.688802415403,2152.186540917611
88,20089.94441795971,2157.211930551404
89,20083.392773879044,2171.936246084827
90,20352.836904927633,2191.250003211997
91,20233.225308266286,2197.4769406992427
92,20225.70150269448,2224.6480190827524
93,20404.043581432466,2252.5913783724554
94,20255.58186738606,2267.629134557036
95,20405.45301536311,2290.992939458491
96,20253.70661873893,2313.917449686561
97,20401.85901665733,2336.6255195941894
98,20360.682831638285,2335.527925478668
99,20335.4683271803,2338.3470373036726
100,20392.860567177097,2351.3733660792172
101,20446.868963052588,2362.346382398321
102,20514.689783660844,2357.372468439164
103,20560.149080633557,2357.824067723107
104,20580.724176198535,2375.6689169164147
105,20644.68600446242,2396.350035677903
106,20720.288512018473,2398.8675589881072
107,20777.764606026158,2405.640633356707
108,20808.944725545873,2421.9483032433986
109,20832.283156483092,2436.6239217688367
110,20897.362135198102,2440.988001286043
111,20932.892790753685,2463.0701298307495
112,20976.669560083155,2460.1144613946667
113,21011.11656267843,2479.8979099236417
114,21075.037020446238,2496.2690378060443
115,21105.134515814123,2508.8988767133633
116,21166.96255170704,2521.5634598959196
117,21218.246329736365,2525.896901133369
118,21247.612968436566,2524.8898627106128
119,21286.089190688916,2533.8351012487615
120,21362.0382245384,2548.1045085683973
121,21433.171956574926,2570.683988001281
122,21494.234474590303,2592.096200512765
123,21566.440978214734,2602.2935425661894
124,21651.4475280778,2605.0461157655664
125,21703.513409434003,2620.3406620485794
126,21746.347036282164,2618.100112333025
127,21802.47990561548,2617.0886788859802
128,21852.977780264537,2635.6005274206736
129,21878.936003657924,2644.6992615766712
130,21921.845624190908,2665.2569471993856
131,21992.15945529982,2678.8049099823884
132,22044.99308629073,2688.189746672305
133,22081.57511699733,2700.738368990551
134,22146.377169564883,2714.3071792749342
135,22212.77694241212,2726.1954977389087
136,22240.665042784003,2745.825113796499
137,22281.82573685197,2745.3744883132226
138,22353.955339362714,2748.8987238882028
139,22425.68214976862,2765.993577445629
140,22498.069849258714,2771.9129227396816
141,22575.21737211314,2789.3675934827183
142,22615.52378267861,2804.8620734808446
143,22658.54679680909,2812.0624896053523
144,22684.025751730238,2814.5124765188866
145,22710.375782069186,2835.867088236356
146,22798.578288645724,2852.0466633928268
147,22825.59050597949,2862.765302146716
148,22894.927872679942,2876.602960888868
149,22929.058949932438,2891.5402478618553
150,22952.68192565133,2892.0137436557056
151,23010.040673091647,2903.03071587907
152,23093.889404630103,2913.586962661143
153,23157.62324733811,2916.148431008216
154,23230.13926322603,2932.630230709298
155,23279.040928212828,2934.7797075644257
156,23309.8160428259,2937.4867793027706
157,23354.839050659175,2948.3776353582466
158,23414.06625546398,2965.5580055504347
159,23467.49074414532,2968.1977609229402
160,23506.938010480706,2967.7033651063007
161,23565.29455703209,2974.5769208171205
162,23649.513289658065,2984.3468424558287
163,23738.229255026177,2982.4863746503474
164,23770.431145042883,2981.8969565461935
165,23855.083107371927,2983.3706609304368
166,23913.644300911754,2995.268875349196
167,24008.810190199667,2994.8216485638522
168,24074.82695342683,2989.377925318306
169,24166.155251547283,2999.0812323507066
170,24194.06954031813,2993.3041308259385
171,24235.503936208876,2995.54553346182
172,24306.796135109278,3006.395585150834
173,24357.760690025825,3028.2915232106607
174,24388.097271365667,3037.9275837327
175,24455.131401386425,3047.351366408272
176,24536.558274537605,3069.14277728935
177,24586.730579112307,3063.257669140411
178,24634.176877319645,3071.6599494157635
179,24722.853480462807,3083.91054576073
180,24753.832327458964,3102.7791152833042
181,24833.61576412224,3117.847129145482
182,24883.047304805015,3125.774178377931
183,24978.3184257521,3121.938901148211
184,25042.380616927792,3132.7804444795233
185,25089.13557487346,3142.044468724694
186,25157.98813130941,3147.6988432834523
187,25216.05722665486,3156.006872517769
188,25281.829702682833,3161.930985577885
189,25312.603934138908,3163.339448504769
190,25412.72376894799,3174.608186396731
191,25463.55039688491,3177.4344745155386
192,25519.070501351955,3182.0630926374665
193,25552.877988160053,3189.6108488916584
194,25593.6523991594,3197.3273060326364
195,25639.786316989663,3202.449012814986
196,25689.477471975417,3216.9841057637727
197,25745.41335374359,3227.9773214177926
198,25839.339848570635,3239.829547290338
199,25891.519419917353,3252.7205830183443
200,25989.52994297924,3253.565073221325
201,26062.733482664244,3269.202300819524
202,26119.802050003655,3291.3877366899865
203,26166.60967392306,3306.626911450931
204,26268.779380648528,3317.691490604096
205,26356.581328332028,3314.9257129658995
206,26461.500203236974,3337.833261395911
207,26559.825247539076,3348.9835309673726
208,26662.711209926205,3348.0590271453184
209,26703.919365625356,3340.7387709211166
210,26734.56210352203,3359.5776165705356
211,26788.970259495774,3376.8687037316413
212,26875.829672757383,3381.8734553599243
213,26950.12044567678,3396.118021744475
214,27034.279776684078,3406.024222022062
215,27083.495255322254,3417.748528637676
216,27142.79803265523,3431.734919039425
217,27231.64687054969,3440.194025768741
218,27323.369072554888,3445.0053427842186
219,27365.859974123858,3441.863655844813
220,27422.29874500809,3450.9105731362815
221,27452.577276553187,3459.141426627338
222,27552.487316440314,3473.6086361242474
223,27595.928140120726,3473.26839494781
224,27633.10699339372,3505.0185313211837
225,27725.702436158463,3505.164358083253
226,27825.50568522962,3501.1303765946695
227,27936.49991952962,3505.2424273471383
228,27984.498732224343,3507.84302851663
229,28089.62899577513,3524.0293390922257
230,28154.7890434328,3536.4056844718984
231,28196.553451683536,3542.9314646720704
232,28232.674881512477,3549.7289439583374
233,28336.815711821688,3552.5479020833195
234,28401.927235297044,3554.540583360775
235,28501.16777873055,3555.5888347729388
236,28612.061840013164,3574.430801618007
237,28704.50850030114,3592.414430635956
238,28741.00271897113,3596.1473865827593
239,28852.62811272785,3601.710158531093
240,28939.028218781168,3606.6087432138584
241,29046.221563568146,3609.917243165347
242,29145.061182964306,3617.3500274677863
243,29213.21436122919,3633.1952683358286
244,29314.135961576303,3639.1739910778283
245,29410.807326348935,3642.755470439571
246,29445.18080266358,3655.948161141915
247,29561.88633377565,3670.3486495439665
248,29606.807676690765,3682.4250167524156
249,29694.104817979223,3670.6828946277715
250,29698.074577581432,3679.2695980010453
251,29702.67581044818,3683.4955055136306
252,29707.267331262432,3697.469544300673
253,29710.871060718393,3698.1974547628492
254,29716.34003487263,3709.4380883000244
255,29720.520065737142,3722.0199398219816
256,29724.159121645298,3721.0662563415985
257,29727.7181522676,3732.3183076942864
258,29731.73323707409,3736.782378269108
259,29736.548780427845,3759.260803907038
260,29742.24302788023,3762.662970906724
261,29745.810217203616,3765.846199408254
262,29749.532961257788,3773.8205404432574
263,29754.83859170244,3780.515844438434
264,29758.033538679912,3782.6580934909025
265,29761.416250044585,3793.5010742584996
266,29765.586755004235,3799.4346228687045
267,29770.4776911455,3802.0788463094195
268,29774.005634715584,3817.595025900703
269,29778.779374954902,3825.6389352973765
270,29781.937160484646,3830.235201877517
271,29787.232438593,3828.6873202961597
272,29793.084245986396,3845.2599097816205
273,29798.26740147762,3856.983286205695
274,29802.23376708205,3876.0861437529675
275,29806.2922680512,3888.8387491405215
276,29810.022490772077,3892.5685401595497
277,29814.75423933198,3905.9052530554127
278,29818.822299215182,3899.5649252970015
279,29824.282590344155,3910.3862815418697
280,29830.141323095133,3916.733307208928
281,29834.484690306726,3912.969342977158
282,29839.65763562964,3909.5038329972517
283,29844.878259626716,3903.6698936563052
284,29849.95031544381,3920.490434275443
285,29853.503385086646,3937.242293392275
286,29857.1896745457,3936.214365800411
287,29861.73764122894,3954.759046910334
288,29865.30468052135,3964.428798161939
289,29869.405512761383,3970.4234046272713
290,29873.99330927679,3975.0611141038885
291,29877.820043746513,3979.991719097427
292,29882.468238811856,3989.8675470550443
293,29887.34451256393,4010.441327290511
294,29891.312504653542,4012.143697208147
295,29895.44418052898,4031.2561350063124
296,29900.504993666636,4039.1392208793277
297,29906.24780465311,4035.3130611516995
298,29909.444171468283,4045.5855895979735
299,29913.608712984547,4033.3469523012304
300,29919.029936538333,4039.9107203784365
301,29923.118408560862,4055.5136469923136
302,29928.756655167814,4060.1626717313843
303,29934.480261270615,4068.7834482494554
304,29937.98928894566,4070.0232295515284
305,29942.596289049274,4078.7359668268678
306,29947.426601242212,4081.0627075337643
307,29952.58597093522,4084.561591333077
308,29958.158325195465,4104.873809143098
309,29962.79302410712,4115.732043057495
310,29966.10208861494,4117.550725124583
311,29970.379780661024,4119.07811950132
312,29974.360905346733,4116.7855084911735
313,29979.743066389532,4130.306184676772
314,29985.07646984972,4134.019971059784
315,29989.051606335684,4149.965778890951
316,29992.993101920983,4151.673896893417
317,29996.516493833202,4173.271162073246
318,30000.21080504329,4178.274252095681
319,30006.108230234986,4192.601687366559
320,30011.978451949875,4199.616742130262
321,30017.89031271679,4193.379088298385
322,30021.993680518965,4195.173325290531
323,30027.92090838004,4200.392755362209
324,30031.69853032914,4207.729671567431
325,30037.420399538587,4216.562242769236
326,30043.150867156106,4220.4656236107485
327,30046.481299638715,4216.432859189867
328,30049.817279128496,4217.669081670881
329,30053.671030536203,4227.499438379798
330,30056.92867281005,4231.170855307878
331,30062.135043729482,4231.923933647693
332,30066.451681501763,4244.646159695884
333,30070.11397106341,4239.588643000857
334,30075.756810240437,4244.491189230515
335,30079.629451041175,4242.180582683405
336,30083.862227173668,4247.173911701314
337,30087.209485603376,4240.09639246768
338,30092.1991171427,4231.532212433799
339,30097.57182312851,4236.726312832801
340,30103.139554288027,4239.045353084289
341,30106.74531570152,4244.73338520943
342,30109.839654250274,4246.641227100743
343,30113.836889168626,4259.749431036431
344,30117.487880043842,4270.433303612249
345,30122.8780150638,4285.600789168782
346,30127.87400123306,4292.405210658996
347,30132.864999617846,4291.277089522313
348,30138.758275707547,4293.451231058003
349,30144.202971400297,4295.429019371692
350,30148.439537989692,4292.507031632755
351,30153.755973320753,4284.162438306675
352,30157.751835800533,4292.53650183893
353,30162.612151304627,4300.417810323007
354,30165.800666260162,4308.968694619537
355,30171.65752475961,4313.191552826208
356,30175.996494141364,4324.285975649525
357,30181.966027455448,4340.031321531201
358,30186.12031580633,4343.740995482563
359,30191.671633503513,4346.043268548081
