,0,1
0,0.0,214.2542996182455
1,0.0,302.5814858109391
2,0.0,367.5906321886794
3,751.7525796055143,440.4372656633233
4,1521.5297063482822,493.2271515468539
5,2274.4763993964834,537.9192384615993
6,3036.9333339922455,584.2947889553702
7,3746.6705926590985,639.190554189096
8,4512.107521666157,674.0581238694142
9,5279.0674892068455,719.4757781853367
10,5304.280772141617,765.9088499073287
11,5345.222015429381,827.3344137845539
12,5253.194606702538,876.4400419578893
13,5284.389038045937,918.0053015825855
14,5301.065248332622,945.7029682221075
15,5992.7076596772295,973.1067190635806
16,6861.319037608534,999.1236149736418
17,7483.011741915159,1030.551811912937
18,8312.84667858669,1049.736012383921
19,9103.84916526409,1074.0244543438148
20,9796.176091083009,1097.013873859141
21,9760.718642838678,1112.691256293421
22,9878.686087055776,1123.6682697221554
23,9840.18747292992,1136.2724651751075
24,9881.283449487484,1166.6670956670168
25,9716.485289371882,1215.2167509344788
26,9779.534229055893,1237.8780602676868
27,9787.29959047033,1251.5040000983872
28,10575.069884339187,1283.0143708765993
29,11365.10763915562,1311.836371147204
30,11475.319889369326,1328.7624353546455
31,11582.927653068358,1334.1705329570925
32,11689.729758029864,1356.272640539311
33,11802.105358241957,1365.5982603271748
34,11917.055919095448,1387.272332501634
35,12030.7424122526,1405.348623920327
36,12147.780887497598,1428.8216408220037
37,12262.508241945265,1436.6703768686018
38,12379.164019969254,1467.3455124314967
39,12496.812454637196,1481.0514046660442
40,12612.834871869838,1501.9320223631282
41,12730.037602156888,1529.0889814242694
42,12845.440977665374,1554.027912475433
43,12967.347212272538,1576.6723329993606
44,13088.013463291656,1595.6095919647669
45,13210.180617963766,1616.289621986771
46,13335.062727737653,1632.0022001152995
47,13466.445529081639,1646.2496432460935
48,13600.738118665171,1661.1740574814094
49,13728.750722376537,1690.9391695963736
50,13858.215191891597,1706.0640828100964
51,13991.951825388815,1732.044378105749
52,14120.166365815934,1749.8913880209445
53,14255.96864531983,1771.5321267411666
54,14391.371061050408,1771.1205119550361
55,14524.402365306581,1766.0709942572403
56,14660.315218034997,1780.5137542937523
57,14802.86526330372,1790.2427123071816
58,14945.184805626683,1804.2574913506933
59,15088.550241458088,1815.0353587060936
60,15225.749538872715,1815.051076529368
61,15371.386194857752,1834.3343567988177
62,15515.79918699054,1855.8000279512166
63,15660.061248328006,1868.7365186607176
64,15807.33562382787,1870.7349890883513
65,15958.399969750417,1891.9118188568748
66,16114.006253205509,1901.0391763322368
67,16263.73778286398,1924.4847080170302
68,16413.25932078816,1944.4857352973243
69,16563.468155298917,1956.5417976127685
70,16723.679742124597,1968.7863951860988
71,16875.431564259627,1992.2516951471812
72,17031.92924760185,2001.564953295861
73,17190.59179005184,2019.4179976045195
74,17357.88575440075,2027.3598442156094
75,17523.098472471705,2037.009365996424
76,17688.108502500014,2071.406943776797
77,17859.4116552074,2083.9218988437365
78,18033.73543236009,2089.9205170933574
79,18201.462471607272,2095.9226827084744
80,18374.607103551512,2099.224736538347
81,18550.6710061107,2118.082629177629
82,18727.984114467745,2151.6983538139843
83,18901.922514806032,2160.048566539607
84,19090.42176758792,2164.109775663223
85,19268.368836585203,2180.218590670004
86,19452.752016665578,2185.675451016727
87,19644.945128861174,2213.0244524693408
88,19829.568720816893,2229.9398269082576
89,20027.825834683008,2235.1912848971274
90,20216.598597937773,2231.6934053439
91,20414.712600239414,2240.337667152624
92,20604.81382343146,2263.3910265216946
93,20794.913277598076,2278.331581397844
94,21000.71086911257,2286.9783601993317
95,21190.26847243799,2291.0802689558463
96,21400.279300154263,2304.364140949536
97,21596.320578181174,2317.9283405212936
98,21801.148918931,2321.668827836164
99,22016.183620679498,2334.0534603036735
100,22130.176863578145,2354.526182386499
101,22252.44732809604,2375.272177649948
102,22368.763686135426,2402.6636349149135
103,22477.399822911382,2418.732988419611
104,22637.632415059863,2433.332870541731
105,22711.79125332425,2442.040860338657
106,22874.685309365886,2447.9567995560105
107,22975.7665293732,2460.7008755228276
108,23126.864749633878,2476.0813251443756
109,23224.098218217754,2478.3424261350933
110,23354.688839367554,2492.1618367635424
111,23446.052013593224,2496.3111423296828
112,23625.184128373545,2518.7818508183677
113,23734.375272157286,2515.7782374724807
114,23852.23925541182,2533.6134170285204
115,23926.256165483912,2542.8656897122805
116,24016.17862986408,2551.20062414241
117,24100.213191505674,2556.3360213113333
118,24259.37698622645,2566.4872114636782
119,24402.168794945712,2590.2742172442895
120,24579.52641561825,2593.5492086130716
121,24697.823855955892,2605.519618518056
122,24794.881149830842,2612.1443869545756
123,24968.24716659916,2629.557438490805
124,25087.64541726772,2640.728772223387
125,25232.44537806847,2642.567342975795
126,25353.577503196168,2646.225663139913
127,25453.02989052874,2645.9971751782064
128,25641.56246231219,2653.9425693034814
129,25823.826008784305,2663.980206484373
130,25961.817086370174,2675.641616147064
131,26051.171083768222,2683.3953045275216
132,26145.90290349369,2694.7119461034163
133,26330.370399345753,2711.4552807929085
134,26495.47300364384,2730.2405046466547
135,26629.07589393579,2747.166890803309
136,26728.950801231196,2756.481805117158
137,26937.310451864672,2768.8149244913575
138,27137.67127675461,2777.4643216534873
139,27308.389025521115,2783.8368302573863
140,27452.154910573325,2792.202606437327
141,27540.954037443855,2812.0070027265933
142,27652.77900412524,2824.066279383394
143,27791.631517654732,2838.6985062188633
144,27913.3992180523,2839.6755989914627
145,28093.102462752773,2851.629629096586
146,28317.274081533003,2859.4464821332435
147,28424.924280122323,2864.096856043943
148,28557.32859342822,2877.13323390587
149,28662.734672036095,2871.040555943764
150,28775.38614763807,2880.2755053964866
151,28983.02954093045,2883.128757345298
152,29161.36165145068,2901.1049895100596
153,29330.712711963253,2896.4442665774523
154,29474.134510773638,2904.3495392679997
155,29700.710655496277,2914.6826800056847
156,29869.153412943066,2917.843349086752
157,30086.10632471314,2925.6457668612525
158,30309.06060475596,2932.338377192912
159,30403.630125469754,2931.8535972172144
160,30596.409833767688,2927.1262473743877
161,30788.601241039734,2942.0162235207786
162,30965.006932879573,2944.72331389477
163,31159.130155336316,2953.679776858726
164,31343.01919132493,2955.723947538751
165,31549.46436836774,2964.930827998322
166,31681.920187183583,2971.77206043451
167,31853.151455787585,2974.717245839122
168,32057.727533618432,2988.87556233563
169,32180.475335792515,2996.0701237097555
170,32315.90592124362,3008.3831819383277
171,32563.683949521415,3014.802279218784
172,32792.53927885189,3022.213017231169
173,32944.43997660226,3033.1696075010163
174,33150.70590014044,3047.2751575605844
175,33296.96406216526,3067.736952544987
176,33399.95355673783,3088.773141478589
177,33543.92958736716,3079.562217824712
178,33652.45185265806,3079.490381704578
179,33869.615821491454,3080.19079365635
180,34122.576775617985,3097.895407523624
181,34279.412398597226,3098.457388473849
182,34514.189912026995,3103.910760961406
183,34658.30151506569,3110.3912187269193
184,34787.81118261573,3125.933334095467
185,35065.333782004156,3127.678391734374
186,35341.51379771927,3132.6597816084814
187,35606.36213609358,3142.000942062224
188,35747.53262883818,3156.3386183160833
189,35861.29114788049,3167.2717929806104
190,36094.55806846997,3162.4883133906324
191,36246.63571761434,3158.088230444373
192,36498.43924658653,3175.347828795112
193,36724.043710375554,3188.0265468253647
194,36918.41720866616,3191.184522815727
195,37153.757423900504,3198.13317512042
196,37310.739107984205,3208.287839465288
197,37562.54579797201,3236.1740640102444
198,37856.762876581604,3244.1612679292525
199,38054.990713268664,3254.0108076551205
200,38070.9748613894,3260.0702151652818
201,38079.94565148439,3272.3820810664065
202,38091.1479134534,3290.4807039797815
203,38108.315852023916,3296.5652340492747
204,38118.14178297834,3321.239321492902
205,38126.643088080236,3323.4688873894183
206,38135.348874495525,3333.5662080816182
207,38153.32585965322,3333.0929342741856
208,38159.3175123134,3336.321633482305
209,38177.268612704866,3342.120549855996
210,38192.291471295866,3341.2153058011263
211,38205.49256001304,3350.600322706741
212,38217.735326644026,3361.3863089383094
213,38221.861086134915,3369.955541301749
214,38232.02754425291,3374.001168328765
215,38243.68843826899,3373.1842704071314
216,38259.952922183096,3385.3050143288456
217,38277.75526372596,3381.4513471604505
218,38289.39293893189,3388.4508775175354
219,38306.89712326003,3404.2414514631373
220,38315.94701589059,3404.2602703066
221,38332.92443915315,3407.3758539688874
222,38338.12243897141,3434.313688426047
223,38352.64616024456,3423.8677866735193
224,38360.90894428795,3429.132937449741
225,38373.18196174616,3426.139545053904
226,38383.26881965336,3439.32623706519
227,38392.90811991116,3447.037288174593
228,38404.53917004368,3456.4904637979735
229,38422.80811954573,3467.994519313143
230,38439.54254502995,3464.716476172368
231,38456.3930433653,3471.133607125849
232,38475.567722418775,3475.9280524524406
233,38487.08056165233,3484.0105237110465
234,38498.67660255781,3501.0857389317603
235,38507.36878429494,3514.455206059024
236,38514.25410737592,3519.65722578023
237,38524.38571899102,3527.2880178347723
238,38538.28936970756,3532.807733302292
239,38545.618571097635,3544.654048327186
240,38562.21350826027,3559.2127986038904
241,38573.53991341726,3573.144744250274
242,38587.50813872625,3581.1148240992484
243,38605.01087690704,3589.913261797174
244,38623.62515893294,3610.149987595106
245,38631.55449801565,3634.371528394753
246,38637.86231118953,3644.135490548272
247,38644.59227217389,3651.0977136355173
248,38652.31002723117,3666.854724907107
249,38663.06481160365,3673.526173112767
250,38676.14370309831,3688.099758660254
251,38684.859305887614,3689.1198958024684
252,38694.481897824924,3688.6998395785076
253,38703.03995227044,3698.556924440034
254,38708.21883764659,3696.00926466432
255,38723.89179508461,3703.369539479682
256,38740.501718428386,3709.3879965985375
257,38758.98456339684,3724.54453349426
258,38777.309681470266,3731.711862325847
259,38788.096107074714,3745.762236813052
260,38805.079684993565,3747.1310012782756
261,38815.023614617625,3744.5113319517573
262,38831.76300582148,3756.6530572029387
263,38848.00583416351,3761.29726385819
264,38858.17297933531,3769.890160445236
265,38871.04178270118,3775.9186381014074
266,38879.575695470674,3789.697290754971
267,38895.79655858634,3783.6728426464415
268,38905.025952071795,3781.972112940952
269,38914.85427450653,3778.832799599279
270,38930.24555996514,3788.661235047804
271,38934.86778857426,3817.371094362202
272,38946.04298687181,3830.7108146328865
273,38962.769782722906,3820.9794403901014
274,38979.896251752354,3824.0511721690364
275,38984.88273444053,3835.579574284788
276,38993.89019742629,3832.823278509497
277,39005.742377244016,3844.0572024588514
278,39019.91991467133,3835.6392072414897
279,39035.860708987675,3842.3778923822524
280,39055.11566461506,3853.1542660264436
281,39068.171111407464,3861.935045063844
282,39081.03932686154,3861.3741025650415
283,39095.740858959274,3877.555342665714
284,39105.8551931605,3894.8383491187124
285,39116.30011087813,3907.573816722227
286,39121.60235812433,3918.4682458064394
287,39137.890489476966,3926.881733659693
288,39141.83576557821,3918.9270201152003
289,39154.7281885642,3921.9734350994286
290,39170.746538427695,3929.415740037959
291,39185.007948925675,3945.225539123782
292,39193.795351479355,3948.0093436791376
293,39202.354598735204,3968.6418165246237
294,39207.18205041699,3972.8563512399473
295,39214.093599308275,3966.359414753915
296,39218.594073292545,3963.5526361459497
297,39225.24544996371,3967.2153707352213
298,39230.24385986653,3973.289667363904
299,39234.67213801387,3983.6698690561225
300,39250.14183921262,3991.1061033162136
301,39261.56057299475,3992.591957681191
302,39266.389203961284,4001.581769332803
303,39281.94514959599,4003.879000050704
304,39294.87936737458,4011.121176565615
305,39304.18796472343,4015.561540368231
306,39320.99076231251,4040.546964183167
307,39327.83707404874,4032.177104518377
308,39344.69563606614,4026.2929643823795
309,39363.17489690893,4032.0458074522676
310,39378.81632272337,4033.252642331853
311,39387.267072519826,4048.070883504622
312,39396.81615893257,4066.25062485629
313,39416.21808898363,4057.8154055927503
314,39423.30432134322,4060.872866569256
315,39429.41436985211,4066.5285446439943
316,39444.58144050832,4068.1216321065917
317,39453.577149870216,4070.6104725973983
318,39459.2721712586,4075.5293753928086
319,39476.04388093226,4080.730738895098
320,39489.62699910532,4078.8062788836482
321,39501.79997214328,4088.2340512325945
322,39519.57258069901,4108.551806652551
323,39532.09813782606,4124.359355110815
324,39538.804752814474,4132.472423178207
325,39547.62977204618,4141.44048360945
326,39555.451089489565,4145.013526773725
327,39565.2239717346,4151.019991154821
328,39580.173459644524,4146.096944099336
329,39597.76490124425,4165.55177276331
330,39610.162698929475,4172.266507284477
331,39620.67489603307,4190.80646879081
332,39636.34806929692,4196.079936897872
333,39641.190140441686,4197.051702444585
334,39650.72412208911,4208.935124813026
335,39670.07177575151,4207.241362208718
336,39675.94001111101,4205.112450425164
337,39686.55131533121,4215.965858272352
338,39702.217371704945,4215.777808724335
339,39716.54145040636,4230.306785032914
340,39734.92189942835,4237.289743972477
341,39752.99402705454,4241.178090058421
342,39770.24578763249,4241.814351075374
343,39785.56474498883,4244.53201802649
344,39790.30101343811,4260.495460808703
345,39798.75907833263,4255.545637009274
346,39808.35853007334,4267.700114143949
347,39820.87067749342,4283.26059460796
348,39832.29870994161,4274.455371005611
349,39841.27200432274,4282.128486439237
350,39853.27567491098,4294.314250830379
351,39857.72775339692,4313.005885663705
352,39862.527772774505,4318.2064166337195
353,39870.98049641308,4315.289297569947
354,39889.621317899924,4315.72348734476
355,39895.31446061526,4326.830388542082
356,39903.7973035929,4348.085739678968
357,39920.80070488306,4355.746810855781
358,39933.47522658003,4367.290117793067
359,39949.85002801308,4377.339042968581
